data_terrain/ThaiDEM500_0000800000_0011200000/ThaiDEM500_0000800000_0011200000 - Copy.asc
ncols 800
nrows 800
xllcenter 800250.000000
yllcenter 1200250.000000
cellsize 500.000000
nodata_value -9999
[rows 185 to 221 of 800, columns 82 to 163 of 800]
65 68 72 70 73 72 76 80 81 83 86 85 90 94 95 93 92 96 102 106 106 107 113 113 108 110 108 108 105 101 97 95 97 99 97 93 91 88 87 88 90 89 92 94 98 98 104 100 96 96 91 86 81 79 76 74 74 73 72 71 71 74 76 75 72 70 67 63 61 59 57 58 58 56 56 56 54 53 52 51 51 50
67 66 67 67 70 74 79 78 79 80 82 87 91 90 89 90 94 98 105 110 114 111 118 117 111 114 113 111 107 103 100 99 103 100 96 93 89 87 88 90 92 92 94 93 95 99 102 98 95 90 88 85 83 80 80 78 76 74 75 72 71 72 72 70 69 69 65 64 63 62 58 58 58 57 57 56 55 54 53 52 52 49
71 66 70 71 74 73 73 74 76 80 86 89 88 85 88 92 95 101 107 114 117 118 123 119 120 119 119 116 117 111 106 104 104 98 94 92 93 91 90 94 97 98 96 96 97 98 99 96 92 89 87 84 83 83 90 94 79 78 77 75 73 70 68 67 66 67 64 61 64 61 60 59 59 58 57 57 58 57 56 59 56 51
73 70 69 75 77 74 71 73 78 82 85 84 82 86 92 98 99 103 109 117 123 123 125 120 122 124 128 122 125 120 113 106 102 98 98 96 94 91 90 92 95 100 98 99 99 99 96 94 91 88 88 85 83 84 85 85 80 81 79 79 75 72 69 67 64 62 62 62 61 61 61 60 59 57 57 64 60 60 60 62 58 53
75 77 73 72 72 75 75 75 74 78 80 80 84 88 92 93 98 103 110 112 118 123 128 127 128 128 132 128 125 118 113 108 108 105 103 98 95 93 91 93 97 102 104 103 100 97 96 92 91 88 87 85 84 86 90 91 85 84 81 79 76 73 73 69 66 64 63 63 63 63 62 61 60 59 58 61 65 64 62 61 63 60
75 81 76 72 73 72 77 78 78 77 79 83 85 86 88 91 95 100 107 111 115 120 121 119 126 126 130 132 130 124 119 119 118 108 101 98 95 94 93 94 98 102 103 99 98 96 94 94 93 94 91 89 89 89 92 93 93 87 85 81 78 75 73 71 68 66 65 64 65 64 64 62 61 60 59 59 62 65 66 69 77 92
77 81 80 75 77 75 75 79 80 80 80 81 82 87 91 95 99 104 111 114 109 116 115 118 118 119 123 125 127 129 121 116 116 106 101 97 95 95 96 97 99 100 99 99 94 94 91 93 91 93 92 91 91 88 88 87 87 85 87 84 81 78 75 72 72 68 66 66 66 65 63 62 62 62 60 59 61 64 64 64 65 71
76 81 86 79 80 78 75 80 82 83 85 86 85 87 92 95 102 108 111 107 106 112 109 111 111 114 118 121 128 130 118 112 107 106 100 97 98 99 99 102 101 99 96 96 92 91 91 90 90 90 87 89 90 89 85 85 84 82 85 82 80 79 79 76 72 69 67 67 66 64 64 63 63 63 62 59 60 62 61 60 61 60
75 79 86 86 82 78 76 81 83 85 87 90 89 87 92 97 102 108 108 102 106 107 105 106 109 114 119 122 127 123 114 110 107 102 99 101 102 102 102 105 103 100 97 95 93 93 91 90 88 89 88 88 87 86 83 81 80 80 78 78 78 76 78 74 72 69 69 68 66 67 67 67 66 66 64 63 60 58 58 55 56 55
79 80 85 92 85 80 76 79 82 86 91 94 91 91 93 98 98 101 99 97 103 101 104 110 114 115 118 117 121 120 111 108 105 103 101 102 104 107 108 106 106 101 98 96 93 94 93 90 88 87 86 86 85 84 83 82 81 79 78 77 75 74 72 71 71 70 68 68 68 69 68 65 65 65 63 63 61 60 58 59 57 55
78 79 83 90 92 84 79 77 80 86 89 88 86 93 101 103 104 97 92 96 97 100 105 109 111 110 110 116 123 123 117 114 108 107 102 105 108 111 110 103 105 98 95 95 95 94 92 -9999 -9999 -9999 -9999 -9999 -9999 82 82 81 80 78 77 76 76 73 74 73 71 70 71 69 67 67 67 67 65 68 66 64 63 62 61 61 59 58
82 80 79 86 93 83 80 81 79 81 82 83 85 89 93 99 94 92 95 101 103 102 102 104 106 109 113 113 117 123 129 116 114 108 105 108 108 107 104 100 98 97 96 95 95 94 92 -9999 -9999 -9999 -9999 -9999 -9999 83 83 80 80 78 78 76 75 75 77 78 75 72 70 69 70 69 70 69 69 72 71 69 67 65 65 65 63 62
81 84 79 81 87 88 83 85 82 82 82 83 85 86 87 89 90 91 95 99 102 106 109 109 111 114 116 116 118 118 124 126 123 112 108 109 108 104 103 100 99 97 95 98 98 -9999 -9999 -9999 -9999 -9999 -9999 -9999 -9999 -9999 -9999 -9999 -9999 -9999 -9999 -9999 -9999 -9999 76 74 74 74 71 72 -9999 -9999 -9999 -9999 -9999 -9999 -9999 -9999 -9999 -9999 -9999 -9999 -9999 -9999
81 81 80 81 83 87 89 87 86 83 86 86 87 90 91 90 94 92 94 97 101 102 108 115 113 117 118 121 124 122 124 127 136 117 111 112 110 107 103 100 100 100 -9999 -9999 -9999 -9999 -9999 -9999 -9999 -9999 -9999 -9999 -9999 -9999 -9999 -9999 -9999 -9999 -9999 -9999 -9999 -9999 -9999 79 78 78 -9999 -9999 -9999 -9999 -9999 -9999 -9999 -9999 -9999 -9999 -9999 -9999 -9999 -9999 -9999 -9999
82 83 82 81 85 87 89 91 89 85 89 93 90 89 95 98 97 98 95 96 98 100 105 108 111 112 111 118 121 126 131 131 122 115 114 115 114 110 107 102 102 100 -9999 -9999 -9999 -9999 -9999 -9999 -9999 -9999 -9999 -9999 -9999 -9999 -9999 -9999 -9999 -9999 -9999 -9999 -9999 -9999 -9999 82 84 83 -9999 -9999 -9999 -9999 -9999 -9999 -9999 -9999 -9999 -9999 -9999 -9999 -9999 -9999 -9999 -9999
85 84 85 84 83 87 90 93 92 87 88 95 95 94 92 99 103 103 101 100 97 99 101 105 107 107 109 114 122 129 134 135 126 119 117 113 111 113 110 104 104 103 -9999 -9999 -9999 -9999 -9999 -9999 -9999 -9999 -9999 -9999 -9999 -9999 -9999 -9999 -9999 -9999 -9999 -9999 -9999 -9999 -9999 -9999 -9999 -9999 -9999 -9999 -9999 -9999 -9999 -9999 -9999 -9999 -9999 -9999 -9999 -9999 -9999 -9999 -9999 -9999
87 85 87 89 85 85 90 94 93 90 89 89 94 97 95 96 106 108 104 105 100 100 103 105 106 107 109 112 121 125 132 135 125 118 114 112 110 106 106 104 105 105 106 110 -9999 -9999 -9999 -9999 -9999 -9999 -9999 -9999 -9999 -9999 -9999 -9999 -9999 -9999 -9999 -9999 -9999 -9999 -9999 -9999 -9999 -9999 -9999 -9999 -9999 -9999 -9999 -9999 -9999 -9999 -9999 -9999 -9999 -9999 -9999 -9999 -9999 -9999
88 88 90 91 89 85 88 92 96 93 94 90 94 97 99 96 102 110 113 109 103 101 105 109 112 114 112 113 115 122 130 129 123 116 114 111 108 106 107 106 106 107 108 111 -9999 -9999 -9999 -9999 -9999 -9999 -9999 -9999 -9999 -9999 -9999 -9999 -9999 -9999 -9999 -9999 -9999 -9999 -9999 -9999 -9999 -9999 -9999 -9999 -9999 -9999 -9999 -9999 -9999 -9999 -9999 -9999 -9999 -9999 -9999 -9999 -9999 -9999
92 91 93 93 91 88 88 89 93 99 98 93 96 99 103 98 99 106 113 117 109 104 104 109 113 120 118 116 118 122 125 122 119 115 112 112 111 110 109 112 110 107 108 110 -9999 -9999 -9999 -9999 -9999 -9999 -9999 -9999 -9999 -9999 -9999 -9999 -9999 -9999 -9999 -9999 -9999 -9999 -9999 -9999 -9999 -9999 -9999 -9999 -9999 -9999 -9999 -9999 -9999 -9999 -9999 -9999 -9999 -9999 -9999 -9999 -9999 -9999
98 97 95 96 94 94 91 90 91 96 100 98 95 98 102 104 100 106 114 120 114 109 108 108 110 113 117 120 122 128 127 125 123 119 117 117 115 114 112 113 112 110 108 111 113 -9999 -9999 -9999 -9999 -9999 -9999 -9999 -9999 -9999 -9999 -9999 -9999 -9999 -9999 -9999 -9999 -9999 -9999 -9999 -9999 -9999 -9999 -9999 -9999 -9999 -9999 -9999 -9999 -9999 -9999 -9999 -9999 -9999 -9999 -9999 -9999 -9999
101 103 103 100 99 99 95 91 92 93 96 103 99 98 101 104 102 104 110 118 118 115 114 108 110 113 118 123 122 128 135 132 129 128 124 121 119 117 117 115 121 115 109 110 112 -9999 -9999 -9999 -9999 -9999 -9999 -9999 -9999 -9999 -9999 -9999 -9999 -9999 -9999 -9999 -9999 -9999 -9999 -9999 -9999 -9999 -9999 -9999 -9999 -9999 -9999 -9999 -9999 -9999 -9999 -9999 -9999 -9999 -9999 -9999 -9999 -9999
99 103 110 108 105 102 99 95 93 93 95 101 102 102 101 105 105 106 106 110 117 121 118 113 113 114 115 116 119 125 132 138 135 135 134 131 123 122 120 117 116 123 113 112 113 117 119 -9999 -9999 -9999 -9999 -9999 -9999 -9999 -9999 -9999 -9999 -9999 -9999 -9999 -9999 -9999 -9999 -9999 -9999 -9999 -9999 -9999 -9999 -9999 -9999 -9999 -9999 -9999 -9999 -9999 -9999 -9999 -9999 -9999 -9999 -9999
98 101 110 126 109 105 103 99 96 95 96 96 101 105 106 107 108 106 110 109 112 118 120 116 116 115 119 120 120 124 128 135 137 140 139 136 127 126 126 121 119 118 118 114 114 119 123 115 -9999 -9999 -9999 -9999 -9999 -9999 -9999 -9999 -9999 -9999 -9999 -9999 -9999 -9999 -9999 -9999 -9999 -9999 -9999 -9999 -9999 -9999 -9999 -9999 -9999 -9999 -9999 -9999 -9999 -9999 -9999 -9999 -9999 -9999
97 103 108 123 117 113 106 103 99 97 97 97 99 104 110 111 112 111 113 114 113 116 124 122 121 121 123 124 124 125 128 132 137 145 151 145 134 130 130 126 122 119 123 116 118 118 123 117 -9999 -9999 -9999 -9999 -9999 -9999 -9999 -9999 -9999 -9999 -9999 -9999 -9999 -9999 -9999 -9999 -9999 -9999 -9999 -9999 -9999 -9999 -9999 -9999 -9999 -9999 -9999 -9999 -9999 -9999 -9999 -9999 -9999 -9999
98 102 105 107 111 118 113 106 102 101 100 98 98 101 106 109 113 115 114 118 116 121 125 127 124 128 135 127 128 127 130 133 138 154 180 168 143 137 132 127 124 118 118 124 122 119 123 119 -9999 -9999 -9999 -9999 -9999 -9999 -9999 -9999 -9999 -9999 -9999 -9999 -9999 -9999 -9999 -9999 -9999 -9999 -9999 -9999 -9999 -9999 -9999 -9999 -9999 -9999 -9999 -9999 -9999 -9999 -9999 -9999 -9999 -9999
95 97 99 101 103 112 118 112 109 105 101 98 99 101 103 111 114 115 118 120 121 122 126 130 127 133 139 152 135 130 132 137 144 237 238 215 155 141 134 131 126 121 118 124 126 120 123 123 -9999 -9999 -9999 -9999 -9999 -9999 -9999 -9999 -9999 -9999 -9999 -9999 -9999 -9999 -9999 -9999 -9999 -9999 -9999 -9999 -9999 -9999 -9999 -9999 -9999 -9999 -9999 -9999 -9999 -9999 -9999 -9999 -9999 -9999
92 92 98 98 102 107 110 114 116 109 105 102 100 101 102 108 109 112 116 118 124 128 130 135 132 136 145 181 146 134 136 143 155 259 252 255 167 148 140 133 127 122 121 128 126 121 125 125 -9999 -9999 -9999 -9999 -9999 -9999 -9999 -9999 -9999 -9999 -9999 -9999 -9999 -9999 -9999 -9999 -9999 -9999 -9999 -9999 -9999 -9999 -9999 -9999 -9999 -9999 -9999 -9999 -9999 -9999 -9999 -9999 -9999 -9999
89 92 95 98 99 103 102 104 110 113 111 103 102 104 103 103 110 114 115 115 120 127 128 129 133 138 146 170 164 137 142 149 159 189 229 261 177 151 143 134 128 125 124 133 126 123 126 131 -9999 -9999 -9999 -9999 -9999 -9999 -9999 -9999 -9999 -9999 -9999 -9999 -9999 -9999 -9999 -9999 -9999 -9999 -9999 -9999 -9999 -9999 -9999 -9999 -9999 -9999 -9999 -9999 -9999 -9999 -9999 -9999 -9999 -9999
89 93 94 96 98 99 99 99 105 110 114 108 104 103 106 104 106 108 112 115 120 121 122 125 129 138 144 156 171 140 141 150 160 181 219 231 173 151 142 135 128 129 128 134 127 126 131 137 -9999 -9999 -9999 -9999 -9999 -9999 -9999 -9999 -9999 -9999 -9999 -9999 -9999 -9999 -9999 -9999 -9999 -9999 -9999 -9999 -9999 -9999 -9999 -9999 -9999 -9999 -9999 -9999 -9999 -9999 -9999 -9999 -9999 -9999
87 90 93 97 95 94 97 100 102 107 112 112 113 108 106 107 108 108 115 121 117 118 122 127 130 135 140 148 165 147 144 150 156 195 217 214 171 151 143 136 130 138 141 137 128 131 136 145 -9999 -9999 -9999 -9999 -9999 -9999 -9999 -9999 -9999 -9999 -9999 -9999 -9999 -9999 -9999 -9999 -9999 -9999 -9999 -9999 -9999 -9999 -9999 -9999 -9999 -9999 -9999 -9999 -9999 -9999 -9999 -9999 -9999 -9999
86 88 92 93 92 95 98 103 104 107 111 117 121 114 108 109 112 109 112 115 115 118 121 124 127 131 136 143 155 206 158 148 151 187 197 180 164 152 144 138 134 143 140 138 130 132 140 -9999 -9999 -9999 -9999 -9999 -9999 -9999 -9999 -9999 -9999 -9999 -9999 -9999 -9999 -9999 -9999 -9999 -9999 -9999 -9999 -9999 -9999 -9999 -9999 -9999 -9999 -9999 -9999 -9999 -9999 -9999 -9999 -9999 -9999 -9999
90 88 89 90 94 96 99 103 104 107 112 119 126 118 113 112 111 113 113 113 114 117 119 120 123 129 133 139 146 158 146 143 149 162 172 170 162 152 144 139 139 146 143 141 133 137 143 -9999 -9999 -9999 -9999 -9999 -9999 -9999 -9999 -9999 -9999 -9999 -9999 -9999 -9999 -9999 -9999 -9999 -9999 -9999 -9999 -9999 -9999 -9999 -9999 -9999 -9999 -9999 -9999 -9999 -9999 -9999 -9999 -9999 -9999 -9999
93 94 92 91 94 95 96 98 102 105 110 116 130 126 122 120 116 115 114 116 116 116 117 118 121 125 133 137 141 139 139 144 147 149 155 160 160 155 149 144 144 147 145 142 134 140 149 -9999 -9999 -9999 -9999 -9999 -9999 -9999 -9999 -9999 -9999 -9999 -9999 -9999 -9999 -9999 -9999 -9999 -9999 -9999 -9999 -9999 -9999 -9999 -9999 -9999 -9999 -9999 -9999 -9999 -9999 -9999 -9999 -9999 -9999 -9999
92 96 95 92 94 97 100 102 103 105 109 118 131 137 130 126 122 118 117 116 119 121 124 120 121 124 132 135 136 136 140 144 146 148 152 155 154 153 154 151 149 146 145 144 136 143 152 -9999 -9999 -9999 -9999 -9999 -9999 -9999 -9999 -9999 -9999 -9999 -9999 -9999 -9999 -9999 -9999 -9999 -9999 -9999 -9999 -9999 -9999 -9999 -9999 -9999 -9999 -9999 -9999 -9999 -9999 -9999 -9999 -9999 -9999 -9999
90 96 99 95 95 96 98 101 103 107 111 120 131 140 141 133 126 122 120 121 120 125 130 128 123 126 128 130 132 134 138 147 152 154 154 150 149 151 152 153 152 147 150 149 138 147 156 -9999 -9999 -9999 -9999 -9999 -9999 -9999 -9999 -9999 -9999 -9999 -9999 -9999 -9999 -9999 -9999 -9999 -9999 -9999 -9999 -9999 -9999 -9999 -9999 -9999 -9999 -9999 -9999 -9999 -9999 -9999 -9999 -9999 -9999 -9999
91 94 96 98 96 99 99 102 106 108 113 121 128 156 157 138 130 129 126 126 123 123 130 133 128 128 132 131 132 135 143 144 150 149 147 149 150 154 156 158 160 158 154 149 141 148 158 -9999 -9999 -9999 -9999 -9999 -9999 -9999 -9999 -9999 -9999 -9999 -9999 -9999 -9999 -9999 -9999 -9999 -9999 -9999 -9999 -9999 -9999 -9999 -9999 -9999 -9999 -9999 -9999 -9999 -9999 -9999 -9999 -9999 -9999 -9999
90 92 95 99 100 101 102 102 104 107 111 117 122 137 167 143 138 134 130 127 125 125 126 130 126 127 130 133 135 137 138 141 144 147 149 153 154 156 159 160 160 162 163 153 145 149 157 -9999 -9999 -9999 -9999 -9999 -9999 -9999 -9999 -9999 -9999 -9999 -9999 -9999 -9999 -9999 -9999 -9999 -9999 -9999 -9999 -9999 -9999 -9999 -9999 -9999 -9999 -9999 -9999 -9999 -9999 -9999 -9999 -9999 -9999 -9999
