data_terrain/ThaiDEM500_0000800000_0011200000/ThaiDEM500_0000800000_0011200000 - Copy.asc
ncols 800
nrows 800
xllcenter 800250.000000
yllcenter 1200250.000000
cellsize 500.000000
nodata_value -9999
[rows 74 to 110 of 800, columns 82 to 163 of 800]
174 177 180 173 173 176 180 183 173 174 173 176 178 188 251 315 414 471 525 617 713 759 762 762 762 730 734 671 630 636 641 673 728 711 690 675 680 661 671 658 671 662 652 616 560 514 506 496 487 534 555 556 502 438 514 544 547 461 418 442 485 563 571 537 489 507 492 451 475 433 348 369 461 486 465 488 478 423 360 313 304 284
174 182 178 180 170 181 175 179 168 169 170 176 175 179 196 278 347 403 461 521 553 610 666 725 740 696 682 663 646 647 624 669 724 705 701 654 651 654 680 652 677 678 652 615 565 548 512 504 470 489 486 475 456 400 458 482 470 415 393 498 510 530 537 503 416 390 377 385 433 398 312 310 389 440 442 436 422 379 336 332 412 397
168 167 170 175 169 174 171 172 165 165 171 173 172 178 185 230 281 325 383 436 465 493 547 653 750 743 716 759 757 730 639 632 686 686 665 637 641 668 680 639 656 647 623 595 584 595 579 542 459 447 438 406 384 364 388 387 395 364 385 447 452 480 507 505 449 335 302 346 463 426 315 261 317 398 431 433 421 433 425 420 462 443
161 160 164 163 164 166 168 167 164 166 170 170 177 176 175 189 244 268 312 341 410 456 523 616 716 707 615 667 747 708 659 625 641 640 637 625 657 675 667 645 627 617 591 617 607 588 555 525 456 444 419 424 418 379 342 327 312 300 324 342 352 395 432 430 418 321 263 344 389 375 307 245 294 363 396 433 451 464 443 403 363 328
164 165 161 167 167 162 161 164 165 163 166 168 167 173 176 175 181 197 234 264 356 446 504 594 692 683 574 595 646 623 622 641 612 622 627 629 649 650 606 626 609 596 587 582 575 529 501 487 459 421 393 385 365 351 319 294 274 256 290 298 276 317 311 316 321 281 247 286 302 294 263 238 274 320 348 343 370 373 354 274 226 217
284 267 237 204 186 181 176 171 169 168 172 174 175 179 182 180 185 194 197 211 314 404 457 532 640 655 564 551 639 612 626 664 617 613 623 607 636 624 586 605 595 582 566 535 546 496 462 437 417 442 444 394 352 348 350 328 283 241 268 303 258 265 254 240 231 221 216 225 223 205 202 221 271 296 274 236 251 259 265 216 165 163
364 403 393 373 321 278 250 221 206 195 190 185 181 180 185 185 193 221 228 242 326 377 422 488 602 664 606 534 614 582 603 626 589 610 623 570 590 601 570 571 601 568 532 503 503 478 418 372 379 422 456 454 422 430 428 352 291 278 247 297 248 223 221 229 215 207 206 207 185 175 176 190 211 220 239 183 185 181 193 183 154 145
357 393 384 405 445 452 425 374 325 291 270 241 218 194 187 192 197 219 252 306 370 432 491 551 613 630 631 515 545 547 572 583 557 613 566 557 588 576 566 588 571 529 484 440 423 403 358 341 371 411 481 478 441 428 415 345 292 277 226 272 240 221 202 201 200 197 194 196 186 180 168 165 188 230 200 161 157 154 155 149 146 142
356 384 362 375 408 434 454 515 518 507 463 401 346 284 225 213 219 246 327 375 480 469 499 556 546 587 575 550 475 523 552 546 520 564 546 568 554 547 548 531 500 462 424 376 347 336 308 324 388 499 496 484 434 398 345 310 263 230 203 219 213 205 193 188 187 180 180 183 177 171 166 159 162 190 158 153 150 148 149 147 142 142
348 356 348 354 397 426 423 478 490 514 531 508 500 433 367 332 311 283 338 417 459 416 454 462 473 532 494 518 475 502 542 484 472 534 539 529 526 520 506 498 452 403 398 356 352 314 283 295 392 491 477 465 430 347 292 271 249 196 157 152 183 199 197 198 192 187 178 173 168 166 166 168 162 165 186 200 192 166 153 152 151 146
360 369 330 336 385 420 419 447 437 459 474 466 455 406 389 437 466 432 430 424 420 409 408 407 412 429 419 433 429 426 441 432 444 496 478 486 489 473 451 434 403 372 352 338 310 292 289 283 351 389 346 392 405 282 193 196 212 180 128 125 144 164 204 208 191 183 175 179 187 198 203 204 196 219 241 269 289 249 191 190 167 161
345 325 288 328 391 390 389 418 389 390 418 390 379 364 403 455 443 456 471 434 436 443 450 433 404 398 396 386 377 369 368 368 373 389 424 433 449 465 447 428 385 352 331 329 320 379 407 329 282 272 263 237 245 204 165 155 142 149 127 117 115 177 224 199 198 219 211 212 214 251 266 255 249 283 306 345 396 354 270 278 208 259
264 271 250 339 391 383 340 340 333 310 349 310 285 316 363 394 386 394 420 404 410 436 448 438 420 421 438 411 421 399 420 437 379 362 364 358 367 370 354 348 335 323 315 341 343 424 430 402 361 308 379 315 226 190 219 195 138 119 116 115 115 176 211 207 204 212 224 259 259 306 325 324 330 356 406 453 429 355 346 296 235 319
235 239 199 226 253 248 227 226 237 222 277 260 231 288 328 341 298 341 351 368 353 389 400 425 430 423 452 411 425 424 436 500 471 431 442 391 349 329 327 319 318 315 316 324 333 339 359 385 353 339 343 269 191 152 136 117 108 118 109 103 132 153 164 219 245 262 275 324 327 371 384 414 464 494 494 473 380 355 370 311 258 349
164 172 175 207 189 174 172 190 179 191 198 212 230 266 263 270 252 299 311 308 313 372 369 408 432 428 448 421 410 411 439 501 499 524 577 495 401 347 324 319 318 326 324 319 334 354 353 364 334 305 292 245 186 128 114 105 98 100 97 102 102 138 191 238 288 342 394 427 439 491 517 529 546 541 506 432 372 376 385 328 283 374
134 170 190 174 159 154 159 191 161 176 182 199 215 211 214 223 225 235 249 248 268 301 315 366 421 431 442 412 417 421 442 496 529 565 606 551 440 385 367 371 350 373 362 337 329 329 330 341 350 307 222 207 166 137 124 112 97 92 92 105 102 145 216 258 334 420 499 567 561 595 580 579 578 562 476 409 396 399 389 324 307 370
121 134 134 143 153 156 158 163 157 161 175 184 188 192 213 227 244 260 251 297 326 323 312 321 369 386 431 429 424 432 471 515 572 590 593 517 502 510 456 437 412 437 421 382 355 370 346 336 327 284 174 128 128 128 119 109 92 91 93 102 105 142 217 258 321 469 571 594 602 611 598 596 581 503 426 389 405 394 375 320 312 336
153 143 151 159 170 172 165 165 180 168 171 183 200 205 227 247 256 304 298 288 368 395 373 364 389 390 445 474 431 463 469 548 588 594 586 575 598 618 586 553 516 596 516 437 418 425 409 375 360 289 183 111 106 109 103 92 91 91 92 103 100 117 184 278 313 381 425 445 464 480 478 486 475 419 368 338 341 335 315 297 295 300
143 157 149 147 163 176 178 163 166 177 188 218 227 224 238 285 311 314 357 323 398 449 443 425 446 452 468 491 444 453 517 568 607 607 613 616 613 626 609 601 594 616 598 537 497 510 475 401 334 279 148 103 92 92 96 92 91 90 91 99 92 96 119 258 303 319 338 344 343 370 386 385 373 327 264 253 263 283 296 292 282 322
154 181 161 159 158 169 182 180 198 212 192 233 281 302 298 330 388 386 413 370 401 474 491 504 498 511 511 511 504 500 557 607 628 634 619 623 621 629 625 632 638 637 630 618 634 611 506 401 330 242 121 101 91 92 89 91 91 90 89 89 90 91 102 182 255 267 265 278 259 271 291 279 265 229 228 300 376 417 432 404 319 422
184 183 190 174 159 182 195 204 203 244 225 266 339 383 382 383 445 432 393 405 374 443 505 507 533 542 511 522 559 557 608 611 572 611 606 573 590 603 608 597 621 632 646 619 519 465 412 360 311 203 111 104 95 92 90 93 92 91 93 96 93 112 153 208 198 201 184 184 187 188 218 200 190 223 304 404 447 443 406 406 370 420
239 215 210 204 187 188 203 213 239 266 305 339 371 403 416 420 458 465 417 466 415 413 440 491 541 514 513 550 560 589 595 514 455 550 584 461 484 552 577 585 630 588 536 472 419 388 352 303 209 134 106 96 95 101 102 101 96 93 93 105 103 116 140 164 136 137 127 122 135 138 155 189 252 293 390 397 414 381 340 339 341 358
307 281 271 254 240 240 261 266 292 301 330 376 393 396 403 379 416 467 454 493 444 456 433 451 478 501 545 546 557 581 555 428 379 465 605 473 400 428 541 605 600 510 421 396 361 323 285 248 165 149 136 130 141 143 154 137 106 95 90 93 95 94 104 129 125 129 127 111 114 131 194 277 385 378 371 354 338 325 299 280 259 277
386 373 340 317 302 300 305 304 297 269 286 332 356 374 360 350 384 448 457 474 433 423 419 422 445 458 465 492 543 501 412 337 324 396 505 443 355 359 440 513 487 444 381 342 318 278 253 256 241 217 193 164 165 147 129 130 112 92 89 95 100 103 114 132 123 116 113 108 130 165 248 353 419 388 362 320 267 252 241 233 204 223
402 452 412 356 322 300 285 272 269 232 244 247 285 334 354 370 408 428 395 423 436 397 397 405 439 409 498 551 548 432 358 296 288 338 462 459 327 331 421 444 399 369 335 293 257 221 199 180 174 168 174 150 124 116 113 131 107 104 99 106 111 121 127 125 108 101 105 110 155 210 324 406 380 354 313 286 249 205 198 188 164 202
277 405 456 420 353 296 295 263 242 208 200 236 272 336 402 416 424 404 355 374 403 376 370 438 445 406 472 488 516 452 408 347 268 306 425 444 344 312 376 350 307 280 259 227 211 197 175 162 154 150 150 138 114 108 101 118 110 93 99 93 99 105 114 101 97 143 163 123 178 260 387 395 359 318 272 239 202 166 149 148 139 177
208 305 385 381 341 283 304 328 299 243 176 263 307 326 333 335 322 317 286 298 332 290 301 349 343 338 372 365 401 388 354 360 251 275 360 378 336 281 302 280 251 231 229 196 180 186 173 165 155 140 131 126 118 107 100 107 98 89 85 82 89 95 100 93 94 165 154 131 186 312 437 383 328 281 230 184 150 132 132 132 126 139
153 209 295 340 296 260 237 284 275 228 149 221 251 245 258 240 209 206 185 199 233 205 220 257 238 257 267 269 291 293 266 275 220 271 315 322 300 254 285 282 259 209 179 146 162 172 178 163 150 139 129 118 119 107 93 90 83 81 78 79 82 87 86 87 90 94 119 132 188 304 411 350 268 216 174 140 123 122 123 118 116 122
141 157 227 257 223 208 165 205 207 150 112 148 155 161 159 151 139 122 115 119 147 138 142 156 144 173 184 175 171 191 217 197 241 288 312 297 261 246 288 291 224 166 125 105 115 131 135 138 148 138 132 118 107 108 96 87 82 78 77 79 79 83 94 94 93 93 94 110 157 233 325 278 207 148 135 118 113 114 119 130 117 114
163 139 167 175 168 136 107 97 113 93 81 102 93 105 85 90 90 82 80 83 87 86 86 90 95 104 131 140 122 146 150 183 260 302 309 284 202 251 286 233 137 106 99 101 110 117 110 108 110 127 128 123 105 101 97 85 80 75 76 78 79 84 95 101 97 96 94 101 106 175 244 214 156 137 128 112 108 116 121 118 109 108
125 116 107 92 87 81 74 75 73 73 68 76 77 84 74 81 89 77 72 74 89 92 82 82 86 92 95 109 110 115 137 209 267 283 264 251 175 245 188 135 104 99 95 98 107 111 99 101 99 106 100 98 94 85 86 80 77 73 75 77 79 86 95 100 103 99 98 99 110 180 177 153 139 130 120 108 105 110 111 110 105 105
85 87 86 72 68 67 68 69 66 68 68 66 68 74 68 69 70 70 70 77 88 81 76 80 86 81 97 98 104 117 143 191 226 188 167 156 110 108 104 104 109 94 95 92 102 107 95 100 92 100 95 86 85 81 78 78 73 74 77 77 78 86 93 91 96 103 104 106 129 147 135 129 122 117 110 104 103 104 102 104 103 103
71 71 70 66 62 64 69 69 64 67 68 64 62 62 67 65 62 65 73 66 67 68 68 77 101 95 97 95 97 115 136 151 160 124 134 120 94 88 92 91 104 99 93 94 103 102 94 94 87 96 92 87 79 79 77 75 72 76 76 76 80 85 85 89 96 100 108 113 120 128 127 124 119 113 108 103 99 102 100 99 100 100
68 66 65 63 62 60 60 64 61 61 62 59 58 60 61 60 61 65 72 62 64 67 72 83 94 100 89 86 94 109 110 108 112 134 139 100 92 90 86 89 99 100 84 86 93 90 87 86 90 98 85 82 76 74 74 72 74 74 76 78 81 87 92 92 96 101 106 113 122 116 120 118 115 112 109 105 98 99 97 98 99 98
64 63 61 58 59 57 59 58 60 59 58 55 56 56 57 61 59 63 62 63 64 67 72 82 85 88 83 87 96 100 91 104 143 125 111 99 88 88 88 85 89 94 92 83 83 92 85 79 85 92 82 77 76 73 71 72 73 74 76 79 88 100 102 105 110 112 114 113 121 111 115 113 110 107 107 99 96 95 96 94 96 94
61 60 58 56 55 58 60 61 61 60 58 55 54 56 59 58 57 59 60 62 65 72 80 80 79 79 79 89 89 87 86 92 96 115 136 104 90 88 84 82 83 89 91 81 84 94 85 77 81 90 90 79 74 69 71 71 73 74 75 80 89 98 94 103 102 101 104 103 109 107 107 108 105 102 101 100 97 94 93 92 94 92
59 57 57 54 54 56 59 65 68 62 59 56 52 55 56 56 57 57 60 70 74 77 81 77 76 77 76 81 78 81 81 92 106 124 131 107 97 98 86 84 80 80 79 77 89 92 89 76 78 89 85 76 71 70 71 72 72 72 75 81 84 86 89 96 96 100 99 99 98 101 103 107 104 109 106 104 96 93 91 91 91 95
