data_terrain/ThaiDEM500_0000800000_0011200000/ThaiDEM500_0000800000_0011200000 - Copy.asc
ncols 800
nrows 800
xllcenter 800250.000000
yllcenter 1200250.000000
cellsize 500.000000
nodata_value -9999
[rows 148 to 184 of 800, columns 82 to 163 of 800]
59 62 60 62 58 54 53 52 51 54 57 59 60 63 62 65 67 71 75 79 88 96 95 89 84 80 78 76 74 73 72 72 70 69 67 66 64 63 63 63 63 63 63 62 60 60 59 58 59 59 56 56 58 57 55 54 54 55 55 55 54 54 55 54 54 54 54 55 57 57 56 57 57 57 57 58 58 60 62 64 65 68
56 60 60 62 61 57 54 55 53 52 54 55 57 59 60 63 66 66 70 72 78 85 85 88 95 90 83 82 79 76 75 72 71 70 68 67 65 64 63 64 64 63 63 62 60 60 59 59 58 59 57 58 55 55 55 54 54 55 54 54 54 55 53 53 53 54 55 55 56 56 54 54 56 57 57 59 60 62 63 66 68 71
56 58 60 63 62 59 55 55 57 57 54 55 57 57 59 61 62 63 67 67 71 74 79 85 97 97 90 92 83 79 77 75 73 71 69 69 66 66 65 64 64 65 64 63 62 61 60 60 59 58 58 58 57 58 57 56 54 55 54 53 53 53 52 53 53 53 53 53 53 54 54 55 56 56 60 60 61 61 63 66 71 75
55 57 59 63 63 60 57 57 57 60 61 61 61 62 59 60 64 66 66 66 68 70 73 77 87 96 94 95 86 80 78 76 74 74 71 69 67 67 67 65 65 65 65 64 62 60 61 60 59 59 59 58 57 56 57 55 55 54 55 54 52 52 52 52 52 52 52 52 53 54 53 55 55 57 58 60 61 61 63 67 70 72
56 59 61 63 64 61 59 60 60 60 62 64 66 67 60 63 64 67 69 68 70 70 73 77 78 82 88 88 84 85 82 78 77 76 72 70 68 68 67 66 66 66 64 63 61 62 61 61 60 59 60 59 58 57 56 56 54 53 56 54 53 52 52 51 51 52 51 51 53 53 55 54 55 57 58 60 62 63 64 67 67 69
56 59 61 65 66 64 62 62 63 62 64 66 68 64 64 65 64 68 70 71 72 73 74 76 77 80 83 83 82 84 82 80 79 76 73 70 69 69 68 67 66 66 63 63 64 63 62 61 61 59 59 59 58 56 55 55 54 53 52 53 53 52 52 50 50 50 50 51 52 53 54 54 54 55 58 60 63 65 66 68 69 70
57 58 59 62 65 65 65 63 64 63 66 68 67 67 68 67 66 70 73 76 75 75 75 76 78 82 85 87 88 85 83 81 79 77 75 74 71 69 69 67 68 69 65 64 64 63 63 63 61 60 59 60 58 56 56 55 54 54 53 52 51 51 51 51 49 49 51 51 53 53 54 54 55 58 58 60 63 68 71 73 74 73
60 59 60 62 67 67 67 67 68 68 66 69 69 71 73 70 69 69 73 79 80 79 78 80 79 83 89 92 87 88 84 82 78 76 74 73 74 73 70 68 66 66 66 65 65 66 63 62 62 61 60 59 58 56 56 56 55 55 54 54 53 52 51 50 49 50 50 50 52 52 53 54 56 58 60 61 63 69 74 76 76 77
65 68 63 62 64 67 68 69 70 72 71 71 73 74 76 71 69 72 70 74 78 81 81 83 82 85 89 90 88 84 82 80 78 76 74 74 74 72 71 71 69 67 66 67 67 65 64 62 62 62 60 59 59 58 57 56 56 55 54 54 53 53 53 51 50 50 49 51 51 51 53 55 58 60 61 60 63 65 69 72 76 77
66 70 68 64 63 63 64 66 67 68 70 74 78 80 79 74 72 76 74 74 76 80 85 88 88 91 91 88 88 86 84 80 76 74 75 75 73 71 71 70 70 67 68 67 66 65 64 63 63 62 62 59 59 59 57 56 57 55 55 54 54 52 51 51 50 50 50 51 51 52 54 57 59 62 62 61 62 63 65 67 70 73
67 70 72 70 66 66 67 68 70 71 72 73 74 76 80 79 75 79 77 79 79 81 87 92 91 91 91 87 86 83 84 80 75 75 75 75 73 73 71 69 69 69 68 68 66 66 65 65 64 62 62 60 60 58 59 58 56 55 54 54 53 53 52 52 51 49 52 51 52 51 53 55 58 60 63 61 60 61 62 64 65 68
62 65 69 73 70 67 69 70 72 73 74 76 75 77 80 81 78 82 83 88 85 85 89 90 89 88 87 86 82 81 80 78 76 76 75 74 73 72 71 71 70 70 69 69 68 68 67 65 65 64 62 62 60 59 58 57 56 54 53 54 52 52 51 51 51 50 49 52 50 52 52 54 56 57 60 58 58 59 61 62 62 64
61 64 65 68 70 69 70 73 73 76 76 76 78 79 81 84 83 82 92 98 89 91 93 91 88 86 84 82 81 79 78 77 77 77 75 75 74 73 73 73 72 71 71 70 69 69 68 66 65 64 62 61 60 58 57 57 56 55 54 54 53 52 51 51 51 51 50 50 50 51 53 53 54 54 54 55 56 57 58 58 60 60
63 65 67 69 72 74 74 77 75 77 78 78 80 83 82 86 90 85 94 99 92 90 92 90 88 86 84 82 82 81 78 79 78 77 77 76 75 74 74 74 72 71 72 73 72 71 71 68 66 63 61 60 60 58 58 58 57 55 56 54 54 53 53 52 51 51 50 49 50 50 51 49 51 52 52 52 54 54 54 56 58 57
65 67 68 71 75 78 78 83 83 81 81 81 82 84 87 89 92 87 92 96 94 92 93 91 89 86 85 83 82 81 81 80 79 78 77 77 76 76 74 75 74 74 74 76 78 76 71 70 67 65 63 61 61 60 59 58 57 57 56 55 55 53 53 53 52 51 50 49 49 48 50 50 51 51 51 50 52 53 52 53 55 55
67 71 74 75 77 81 80 87 90 84 84 86 89 88 91 93 94 89 92 99 99 96 93 93 90 86 88 89 84 83 82 81 81 79 79 80 80 81 78 82 80 79 76 77 79 79 75 71 69 66 63 62 62 60 60 59 58 57 56 55 55 54 53 52 52 50 50 49 49 50 48 50 50 51 49 49 50 51 51 51 52 53
68 71 74 78 84 85 82 87 90 86 87 91 94 94 93 99 99 94 93 99 100 98 95 92 91 89 93 92 87 86 83 81 81 80 81 84 81 82 81 84 86 83 79 76 75 77 75 73 70 66 63 62 62 61 61 59 59 58 57 55 54 56 52 53 52 51 51 51 50 49 48 48 50 50 48 48 51 49 48 49 50 52
72 75 94 116 122 116 93 95 93 89 93 98 99 101 100 102 102 100 102 100 101 98 96 94 92 92 98 94 88 85 83 82 83 87 85 85 86 86 87 87 89 86 80 76 72 71 73 71 69 66 64 63 62 61 61 59 58 58 57 56 56 56 55 55 53 52 53 51 49 50 49 47 48 49 49 48 49 47 48 49 49 50
87 124 184 262 240 174 129 101 95 98 105 144 118 120 117 115 112 111 108 106 106 100 99 98 94 94 99 93 88 85 83 84 88 90 89 90 90 89 92 91 88 85 80 75 72 70 72 72 66 66 64 63 62 62 61 60 59 58 57 56 56 57 56 54 52 52 51 51 50 49 48 48 47 49 49 49 48 48 49 49 50 50
131 207 266 281 200 130 116 105 101 119 149 175 157 166 200 178 170 153 118 110 106 102 103 99 97 95 95 91 88 86 85 85 87 90 92 92 95 93 91 88 81 78 76 74 72 70 68 68 67 66 65 63 62 62 60 61 60 59 57 58 57 55 55 54 54 52 51 51 49 49 48 48 48 47 48 48 49 47 48 49 49 50
141 175 197 216 195 121 117 115 112 127 128 128 141 186 181 151 148 144 121 113 109 107 102 102 99 95 93 92 91 87 87 88 94 98 95 94 93 90 90 86 82 79 76 73 72 72 70 68 66 65 64 64 64 62 61 61 60 59 59 57 57 58 55 54 52 52 51 51 50 49 49 48 45 46 49 48 48 47 47 48 49 49
154 120 134 155 184 141 183 191 148 119 117 145 153 152 161 133 125 120 115 111 109 107 105 102 100 97 94 91 90 88 89 92 98 101 99 98 95 90 86 85 83 80 78 76 74 74 71 68 67 66 65 64 64 62 62 61 60 59 59 58 58 57 54 54 53 52 52 51 50 51 49 48 48 47 47 48 47 46 46 46 48 47
139 122 106 106 103 116 160 213 221 204 143 194 185 166 187 145 126 119 114 110 107 105 103 102 100 98 96 96 93 88 90 92 95 105 104 94 90 87 85 82 80 80 82 79 75 72 69 68 69 66 64 65 65 63 63 62 63 62 61 59 58 56 54 54 54 53 53 52 51 50 50 50 48 46 46 45 45 45 44 44 48 50
111 150 132 100 95 95 99 110 124 174 162 186 152 160 200 234 184 134 113 109 106 102 100 99 97 95 96 92 92 90 92 96 97 96 91 88 85 84 84 82 78 77 77 78 75 71 69 69 68 67 66 69 67 65 64 65 65 65 62 61 59 56 55 55 54 54 53 52 52 51 50 50 49 48 46 45 43 44 44 45 43 45
81 84 88 88 90 104 113 109 115 114 118 117 122 124 143 160 150 157 118 108 104 103 101 99 99 98 95 94 92 91 94 95 95 91 90 89 86 82 82 79 80 78 74 74 72 71 70 69 69 68 69 69 68 68 69 69 69 67 65 62 60 57 56 55 55 55 54 53 52 52 52 50 50 48 47 47 44 45 46 45 44 43
77 79 83 84 90 103 121 153 162 162 163 147 129 124 132 130 123 117 109 108 107 104 105 104 117 102 98 95 93 94 99 100 94 93 94 91 87 84 82 79 77 77 75 73 72 71 71 70 70 71 72 70 70 70 75 73 69 68 66 63 60 58 56 56 55 56 54 54 53 53 52 50 50 48 48 47 46 47 47 46 45 44
81 82 84 86 89 94 99 113 129 159 173 183 184 148 138 133 127 116 111 113 110 109 115 115 114 101 97 95 93 95 100 101 94 92 89 89 87 83 81 79 76 76 75 73 72 72 71 70 71 73 75 72 73 76 76 75 71 66 64 62 61 59 57 57 56 56 55 54 53 52 51 51 50 49 48 48 47 47 47 46 46 45
80 81 84 84 86 90 90 95 100 108 118 150 158 182 169 137 133 116 115 112 110 113 116 120 111 103 97 95 93 96 102 101 95 92 89 87 83 82 82 79 78 77 76 75 73 73 72 73 72 75 78 75 74 77 74 72 70 68 64 63 61 59 59 58 58 57 55 54 54 53 52 51 51 50 49 47 48 48 48 47 47 46
77 80 80 82 84 87 86 91 95 103 106 107 115 123 134 122 144 125 121 117 113 118 118 124 108 104 100 97 94 98 106 107 98 95 89 88 86 83 81 78 78 77 77 76 77 77 76 75 73 75 79 77 76 77 75 71 68 67 68 65 61 60 59 59 58 56 57 55 55 53 52 52 51 50 50 49 48 49 48 48 47 47
76 75 79 79 80 83 86 91 94 95 97 102 102 103 106 109 125 139 118 119 117 117 112 112 106 104 99 97 96 100 103 102 96 92 90 88 85 84 82 79 78 77 77 78 78 80 80 78 77 75 78 79 79 78 74 71 70 70 68 65 62 60 61 60 59 57 56 56 55 54 53 51 51 51 50 49 49 49 49 48 47 47
74 76 76 76 79 82 85 87 89 92 94 96 98 96 99 101 106 116 112 118 115 116 110 108 103 100 99 96 97 99 100 96 96 95 90 87 85 82 80 79 79 81 81 81 82 82 83 80 80 79 78 77 76 76 74 73 73 71 68 65 63 62 62 62 61 60 59 57 55 55 53 53 51 51 50 49 50 49 49 48 48 46
76 73 73 76 79 81 83 88 86 89 90 93 93 91 93 96 99 103 106 114 111 111 107 106 104 101 98 100 100 102 99 95 93 93 89 85 84 82 81 80 84 86 90 86 85 86 86 83 82 84 78 75 73 72 72 72 71 71 68 66 63 64 66 65 64 65 61 59 56 56 55 53 52 53 52 51 51 50 51 50 49 47
72 70 72 74 77 80 85 85 84 85 87 90 89 90 93 96 102 108 114 115 111 107 105 103 102 100 97 101 104 103 98 94 92 90 90 87 85 83 81 81 83 93 96 94 93 90 91 87 85 83 79 77 74 71 70 70 69 68 67 68 63 66 68 66 67 66 64 61 58 57 56 53 52 53 53 51 51 51 50 50 48 47
68 70 74 78 80 82 85 82 82 84 86 87 86 89 92 96 102 105 110 113 117 114 107 105 102 101 99 102 108 101 99 96 92 89 87 86 85 84 82 82 84 89 94 104 116 97 95 90 88 86 82 79 77 74 72 70 69 68 67 66 65 65 67 69 67 68 66 60 60 60 55 54 53 54 54 53 52 52 51 50 50 49
68 69 74 75 78 84 80 80 79 83 85 85 86 91 95 100 101 106 110 107 116 116 109 105 101 100 102 105 106 107 102 100 93 90 89 89 89 87 84 83 85 94 97 97 107 100 98 95 91 88 84 81 77 76 73 73 71 69 69 68 66 67 69 71 68 65 64 63 62 61 57 54 54 54 53 53 54 53 51 49 49 49
66 69 71 75 77 79 76 77 80 81 82 87 92 95 99 100 97 103 106 102 110 110 107 104 103 104 103 107 103 101 98 95 91 92 94 94 91 88 85 85 85 88 91 96 102 102 104 101 96 90 86 84 80 78 75 75 72 71 71 69 67 70 72 71 69 66 63 65 67 62 57 56 55 54 54 54 54 53 52 51 50 49
68 69 73 74 75 77 73 75 76 79 87 90 91 96 101 99 96 96 98 99 103 108 108 106 105 109 105 106 102 98 95 93 94 97 96 95 92 89 86 87 87 88 92 95 98 103 104 103 97 93 88 83 80 77 75 74 74 72 71 70 69 72 76 73 71 67 66 64 64 63 60 57 56 55 55 55 53 53 52 52 51 49
