data_terrain/ThaiDEM500_0000800000_0011200000/ThaiDEM500_0000800000_0011200000 - Copy.asc
ncols 800
nrows 800
xllcenter 800250.000000
yllcenter 1200250.000000
cellsize 500.000000
nodata_value -9999
[rows 148 to 184 of 800, columns 0 to 81 of 800]
42 46 47 45 47 49 52 56 56 56 54 49 49 46 46 44 40 39 39 36 34 36 36 36 36 37 32 34 36 39 43 43 43 44 45 46 48 45 43 47 50 49 46 51 59 61 61 62 58 52 54 54 52 47 43 41 42 45 42 43 42 44 46 40 40 41 40 41 41 42 44 43 43 45 46 47 48 49 48 51 53 56
43 44 47 49 49 50 52 55 53 51 51 49 47 47 44 42 39 37 36 36 36 37 36 35 36 36 32 33 33 35 37 39 42 45 46 48 49 46 45 48 54 51 49 50 57 61 63 59 55 54 58 57 53 50 47 42 44 45 49 49 44 44 45 42 41 42 41 42 43 43 45 44 45 45 46 47 48 50 50 50 53 54
43 45 46 49 49 51 55 56 53 51 49 48 50 48 44 41 42 40 39 37 38 38 37 37 37 34 32 36 36 35 36 40 40 43 46 50 50 47 47 49 58 54 53 50 54 59 60 57 59 59 58 52 49 44 43 41 46 48 49 48 44 44 46 44 46 45 42 41 43 44 44 47 45 46 47 48 49 51 50 51 52 53
47 49 48 49 52 52 54 56 54 53 51 49 47 45 44 43 43 43 41 38 40 38 36 35 36 36 36 34 38 42 41 40 42 42 44 48 51 50 48 49 51 56 59 57 54 61 59 61 60 58 53 50 48 48 46 47 48 56 57 48 48 44 51 51 46 43 42 41 43 45 46 46 46 46 47 48 51 51 53 52 53 53
51 51 49 48 53 54 56 57 55 53 51 49 49 46 47 44 45 42 40 40 41 39 36 40 39 37 35 35 36 41 42 46 46 47 48 49 53 53 51 55 56 53 57 60 57 61 61 60 53 52 49 53 53 51 47 48 61 57 62 51 47 46 54 51 47 45 44 43 44 42 44 47 46 48 48 49 50 52 53 54 55 55
55 54 50 50 55 56 56 57 55 53 51 50 52 50 47 46 46 43 41 41 42 40 36 40 39 37 36 39 36 36 40 41 42 46 49 52 53 57 54 56 58 56 58 61 64 63 63 58 56 56 54 55 51 49 47 50 55 55 55 49 49 50 53 51 46 45 46 45 44 43 44 45 46 49 49 50 50 51 52 53 55 56
59 53 51 55 53 57 60 57 54 51 53 53 53 52 51 45 44 43 43 44 43 38 37 40 40 40 38 40 38 41 39 39 43 45 47 50 53 57 54 56 59 59 59 59 61 63 67 62 58 56 55 55 54 51 53 56 55 60 52 51 57 55 54 47 45 44 45 43 43 45 48 47 47 50 51 52 55 54 54 55 55 56
60 57 56 55 56 56 62 60 56 54 55 54 51 50 49 45 45 46 46 46 43 38 40 41 42 41 37 39 40 41 42 41 40 42 45 50 52 55 52 56 55 55 57 59 59 62 68 65 62 62 58 58 55 56 60 60 59 54 52 54 63 66 55 49 48 44 45 45 44 48 53 51 50 50 51 52 57 59 53 58 57 59
69 63 60 58 60 60 62 62 60 58 55 53 52 51 48 47 48 49 50 45 41 38 42 42 43 41 39 41 44 44 44 44 44 43 43 47 49 50 52 53 51 54 55 56 59 60 62 64 66 65 62 63 59 62 63 62 55 54 58 57 68 70 57 49 45 45 45 45 44 45 54 53 51 53 49 52 54 57 59 61 61 61
73 86 68 65 63 66 64 60 58 57 56 55 51 48 48 49 51 50 50 50 42 39 43 42 44 42 39 43 44 46 48 47 46 46 46 45 46 47 49 49 52 53 54 57 59 59 60 63 67 74 68 69 64 62 62 57 57 60 67 59 71 71 54 49 45 45 45 46 46 45 46 52 53 54 52 51 54 57 61 65 68 64
65 71 81 81 73 69 64 62 60 56 54 52 53 53 51 51 52 49 48 52 47 41 43 43 44 42 40 41 44 46 49 50 48 49 48 47 48 49 50 52 52 53 55 56 58 62 62 66 71 82 77 68 67 67 58 61 67 65 67 61 65 64 58 50 47 45 45 45 46 46 47 53 55 54 54 53 55 55 56 60 65 65
70 70 77 93 96 73 65 66 61 60 57 55 57 54 53 53 54 50 46 45 43 43 44 45 48 45 42 42 40 43 44 50 50 48 49 51 50 51 52 52 55 54 55 56 58 60 63 67 72 85 81 67 64 63 61 68 76 73 67 62 61 56 52 48 50 46 45 46 47 46 48 51 56 58 57 57 55 55 58 57 57 60
77 77 77 88 90 75 68 70 64 65 58 59 57 55 56 54 51 49 46 42 43 42 44 46 48 48 46 44 44 42 45 47 46 47 49 52 55 54 54 56 56 56 58 60 62 64 63 65 69 75 72 71 71 68 68 79 79 70 60 54 53 51 47 49 47 47 46 48 49 48 49 53 56 60 61 60 62 58 58 58 59 61
78 83 86 84 76 71 70 75 73 63 62 59 59 57 57 54 49 47 45 46 45 45 43 47 46 49 48 48 47 44 48 48 49 49 48 50 56 57 57 58 59 59 58 66 70 72 73 71 68 74 75 72 70 64 69 74 71 62 58 53 50 49 47 47 48 46 46 49 50 49 50 52 56 61 67 68 67 59 60 60 61 66
78 78 82 88 82 76 71 73 72 67 64 61 63 60 57 54 54 52 49 51 50 45 45 48 46 49 51 50 48 47 48 51 51 51 54 49 52 57 59 61 62 63 60 65 82 97 110 99 77 72 74 72 68 66 68 64 63 60 55 53 55 54 55 51 47 48 47 50 50 50 50 53 59 63 65 66 63 61 62 63 63 68
73 77 83 88 88 80 78 75 70 67 65 67 66 65 60 61 57 55 56 54 52 47 48 48 48 49 51 49 50 50 47 51 52 53 54 50 51 54 56 58 60 62 65 64 68 79 96 99 86 91 77 70 69 71 72 66 64 61 61 60 60 55 53 49 49 48 47 48 48 49 51 53 57 62 67 66 66 66 64 64 63 66
80 90 101 99 93 90 81 81 79 75 74 72 67 66 60 60 60 55 55 53 49 50 47 46 49 49 52 52 51 51 48 51 54 54 56 52 54 55 56 55 58 62 64 66 68 70 77 82 85 88 81 78 73 68 67 68 68 66 63 63 62 59 50 49 49 48 51 51 49 50 52 53 54 58 59 60 62 65 67 67 66 66
80 95 107 93 85 81 79 78 76 78 81 75 72 72 68 59 56 55 52 53 51 49 46 47 50 51 52 54 54 53 50 53 57 57 56 53 56 58 58 59 59 59 59 63 67 72 76 75 79 78 73 73 74 70 68 64 63 66 64 58 56 55 54 51 50 49 54 51 50 52 53 54 54 56 58 60 63 66 68 69 68 69
80 81 82 81 90 91 81 74 73 71 80 74 72 72 66 61 60 57 56 56 51 48 48 49 53 55 54 57 57 52 52 57 58 59 57 55 54 57 60 61 62 63 60 63 68 69 74 71 73 74 74 70 74 78 72 68 62 63 65 64 62 57 50 50 50 49 52 53 50 51 54 55 56 57 58 61 64 66 69 72 72 74
74 81 76 89 92 84 80 76 72 69 76 77 70 71 64 60 59 57 52 51 51 50 49 52 53 59 57 57 56 55 55 56 59 61 61 58 57 57 65 63 65 64 63 64 68 70 73 70 69 69 69 65 72 70 71 67 63 55 57 58 57 54 50 50 50 50 52 55 50 52 55 57 59 58 60 63 64 68 73 76 78 88
70 75 74 85 81 80 88 80 70 66 71 70 66 66 63 63 56 52 51 51 51 50 49 54 54 58 62 59 59 61 54 60 64 66 64 59 57 57 59 63 67 66 65 64 68 75 75 70 66 64 63 63 66 64 65 63 63 58 52 51 49 49 48 49 51 52 54 54 53 53 55 57 59 60 60 63 65 70 77 84 87 104
69 68 70 72 74 76 85 77 69 64 64 65 62 67 62 58 55 55 54 53 53 52 50 51 52 53 56 60 62 64 57 59 68 70 67 61 58 60 62 65 70 69 68 68 67 73 73 70 66 64 62 60 59 58 57 56 54 54 52 50 50 50 50 50 52 55 55 54 55 53 55 56 59 60 62 65 64 66 71 79 95 148
64 66 67 69 73 75 75 73 69 66 65 62 61 60 59 59 56 75 59 57 56 53 51 54 54 55 56 56 61 63 59 61 63 69 70 67 61 69 73 67 72 69 69 69 70 74 72 71 67 66 66 64 62 60 58 55 55 54 52 54 56 53 52 51 53 54 56 55 56 56 55 59 61 62 64 65 66 66 69 74 83 101
63 66 66 67 70 73 76 74 69 68 70 65 61 57 58 62 58 62 64 63 62 57 53 58 57 58 57 59 62 66 60 61 67 65 70 66 60 63 68 72 79 74 74 72 76 77 74 72 71 68 67 66 62 58 56 56 59 55 56 59 56 55 52 52 53 53 54 56 56 57 56 58 60 62 64 66 67 68 68 70 74 82
65 67 69 72 73 74 76 78 75 66 63 62 60 58 60 64 63 63 64 64 60 56 54 59 62 60 60 59 61 64 65 67 69 70 70 85 67 62 67 71 86 78 78 79 81 77 73 70 67 67 64 62 60 61 61 63 60 58 62 60 57 55 53 53 53 54 55 57 59 59 58 58 61 63 64 66 69 70 72 73 73 76
68 67 69 73 75 75 73 69 71 65 61 60 59 59 64 66 70 70 69 63 61 61 57 59 62 66 66 60 66 66 68 71 74 75 81 75 70 64 63 67 71 73 78 81 83 77 74 69 69 67 65 64 66 68 69 62 59 62 65 63 61 59 56 53 54 55 55 57 64 64 61 59 59 62 66 67 69 72 73 75 76 76
70 70 70 73 74 77 78 71 66 64 63 65 63 61 63 63 66 71 69 67 66 63 59 59 62 66 66 63 64 73 79 75 77 88 107 85 75 67 66 66 67 70 72 76 81 77 73 76 72 73 78 74 74 71 65 63 66 64 68 69 66 60 55 53 52 55 63 85 117 69 63 61 59 62 64 66 69 71 73 75 77 79
76 72 72 76 76 79 82 76 73 68 69 68 65 60 63 68 68 72 75 73 70 63 63 60 64 66 67 64 65 68 76 77 93 85 128 94 75 68 69 67 68 71 72 75 80 76 92 100 84 81 89 86 82 77 72 74 76 78 75 71 65 63 57 56 54 52 54 60 62 61 62 64 63 63 64 66 68 70 72 74 77 80
76 74 74 77 78 78 78 75 70 72 72 71 65 61 62 64 67 71 73 75 75 69 65 62 64 67 69 66 68 68 71 71 75 80 85 82 71 73 71 69 68 72 77 78 81 78 86 93 81 86 107 118 103 85 88 84 72 72 69 66 65 63 61 56 54 54 53 56 58 61 61 61 65 66 63 66 67 70 71 73 76 76
75 77 73 75 74 75 74 74 75 76 73 71 67 63 66 63 68 69 70 74 75 71 68 64 63 68 70 69 67 72 71 76 78 77 74 74 72 91 74 75 73 72 76 91 89 80 82 88 86 95 94 91 109 110 103 89 82 66 64 64 62 59 56 55 54 53 55 56 58 59 60 60 64 71 67 67 68 72 73 76 76 73
76 73 69 70 73 75 76 79 77 83 77 70 65 68 70 65 65 68 70 73 77 71 68 68 65 67 74 72 70 71 77 81 86 81 78 75 82 81 77 75 77 76 77 108 89 85 84 112 110 173 151 91 82 85 104 91 80 69 64 61 60 57 56 55 55 55 54 54 55 57 58 60 66 75 69 68 69 70 72 74 70 71
69 68 66 67 71 73 76 80 84 82 76 68 66 70 71 67 69 67 71 74 74 75 72 68 67 71 77 76 75 73 77 85 87 86 82 78 80 82 83 79 82 85 81 88 90 91 87 79 86 110 118 85 77 75 81 78 72 67 64 61 59 57 58 54 55 54 53 54 55 54 57 60 68 82 69 65 65 66 68 68 69 71
66 65 62 65 67 74 74 80 81 78 75 72 70 69 72 72 70 70 69 71 76 76 73 71 69 71 77 80 80 80 77 81 84 85 88 84 86 83 83 82 81 89 90 84 91 92 86 79 76 82 88 86 74 70 71 73 69 66 63 61 58 59 61 55 56 56 55 55 62 57 55 57 63 67 66 63 61 63 67 66 67 72
61 61 61 64 68 69 71 77 81 77 76 77 73 72 70 73 76 73 71 72 76 78 80 75 70 72 76 81 82 89 86 89 90 90 88 91 90 91 89 83 86 85 82 81 84 87 87 80 76 73 72 69 65 65 65 67 67 66 63 60 61 61 58 56 57 58 56 56 58 59 57 56 57 61 61 61 61 64 64 63 68 69
58 59 65 67 66 66 72 74 78 78 79 76 77 72 73 73 76 80 76 74 74 77 82 81 75 74 78 84 89 93 95 95 93 94 89 85 86 84 86 85 79 79 79 79 85 87 86 84 79 75 75 70 65 63 62 63 66 64 62 61 61 59 57 56 59 60 59 62 58 59 59 56 57 60 59 59 60 60 62 67 67 66
59 62 64 63 63 65 69 72 77 77 80 79 78 75 77 75 77 80 80 76 77 78 81 87 78 78 81 86 93 96 98 99 94 90 88 84 84 84 80 83 85 78 75 77 82 81 81 85 80 79 76 71 69 66 60 60 62 63 60 60 59 57 57 58 60 64 64 63 60 60 60 60 58 58 62 63 62 61 61 64 64 64
56 61 59 61 66 66 70 73 75 75 78 78 81 86 82 81 81 81 83 77 79 81 80 84 81 83 84 91 92 96 96 99 94 90 90 86 80 83 79 79 81 81 75 75 77 79 77 81 78 73 71 71 67 66 62 59 59 60 59 58 58 59 70 68 60 64 67 67 63 60 63 62 59 60 61 63 65 63 62 62 63 66
